intergenic	intron	exon
NA	NA	NA
56.48921175	40.1134844	3.397303842
56.2357703	40.33464638	3.429583318
56.13844931	40.3425103	3.519040393
55.76353256	40.81086941	3.425598034
56.41127575	40.13733285	3.451391399
55.74380464	40.86048696	3.395708403
56.52315367	40.25593753	3.220908795
56.16032383	40.3447902	3.494885973
55.56479006	40.95540941	3.479800535
56.08513406	40.4892679	3.425598034
56.55583665	40.1445609	3.299602458
56.46519022	40.16763611	3.36717367
56.4918874	40.15466339	3.35344921
56.38959162	40.18792917	3.422479219
56.31797651	40.30352304	3.378500452
56.47445625	40.14018354	3.385360214
56.35502873	40.34187416	3.303097105
56.35640701	40.16627508	3.477317911
56.32001156	40.2941389	3.385849534
56.59968194	39.98120573	3.419112332
56.34734217	40.16911791	3.483539913
56.24322567	40.41115688	3.345617458
56.3213821	40.32094839	3.35766951
56.09800166	40.54854913	3.35344921
56.14022407	40.42645464	3.433321287
56.86253252	39.73691818	3.400549292
56.25451655	40.29484029	3.450643157
56.32657487	40.2833496	3.390075536
56.25451655	40.21896228	3.526521174
56.47696477	40.23848238	3.284552846
56.77111569	39.93277675	3.296107557
56.39524377	40.12432686	3.480429361
56.03021432	40.58693845	3.38284723
55.98163944	40.61370536	3.404655197
56.66281255	39.86486486	3.47232259
56.23802466	40.28415459	3.477820758
56.09262671	40.4356779	3.471695387
56.34825979	40.47489971	3.176840507
56.18854829	40.5075188	3.303932909
56.57076767	40.01011999	3.419112332
56.43063584	40.20231214	3.367052023
56.31685458	40.23200347	3.451141949
56.09712035	40.35480724	3.548072407
56.23961269	40.37141412	3.388973192
56.16799798	40.34047783	3.491524199
55.91701005	40.74315044	3.339839514
55.8463151	40.60071565	3.552969241
56.30103331	40.32444541	3.37452128
56.28906956	40.33604336	3.374887082
56.35620797	40.41145419	3.232337841
56.46956773	40.09324852	3.43718375
56.53258159	39.92193429	3.545484116
56.36764334	40.17847466	3.453882004
55.97918398	40.5912327	3.429583318
56.44333622	40.09106678	3.465596993
56.45103	40.16985905	3.37911095
55.96154541	40.66644982	3.372004771
56.3060133	40.34041631	3.353570396
55.82050726	40.55567599	3.62381675
56.09844241	40.42860757	3.47295002
56.04812486	40.4075439	3.544331238
56.10707706	40.54405549	3.348867454
56.33426103	40.25373188	3.412007084
56.57861453	39.96314097	3.458244498
56.25881077	40.23133924	3.509849991
56.73810126	39.90097936	3.360919374
56.30036498	40.3678676	3.331767427
56.18878971	40.38885476	3.422355535
56.29924106	40.24936755	3.451391399
55.85461903	40.73124029	3.414140684
56.62524384	39.93208583	3.442670327
56.44945607	40.09179949	3.458744443
56.0643296	40.46982291	3.465847488
56.40766173	40.28189375	3.310444525
56.16596791	40.46913402	3.364898077
56.04062014	40.39969643	3.559683423
56.35930048	40.03830033	3.602399191
56.63739203	39.90386353	3.458744443
56.14047765	40.37648589	3.483036456
56.31573241	40.38454588	3.29972171
56.60656863	40.04407992	3.349351447
56.26738934	40.41553749	3.317073171
55.86067351	40.80792022	3.331406273
56.39320564	40.13733285	3.469461511
56.71280402	39.86122655	3.425969426
56.8103791	39.76726537	3.422355535
56.06098927	40.49571847	3.443292264
56.7907481	39.78315866	3.426093242
55.90946889	40.48953324	3.600997867
56.66437836	39.68276909	3.652852549
56.06345306	40.4964949	3.440052034
56.14884393	40.39378613	3.457369942
56.24841847	40.31739146	3.434190073
56.22561064	40.43936985	3.335019511
56.14973262	40.30206677	3.548200607
56.72882336	39.7911246	3.480052038
56.546565	40.07806006	3.375374941
56.27212949	40.24857287	3.479297637
56.18131868	40.36654135	3.452139965
56.02977847	40.55147989	3.418741643
56.79797615	39.71449223	3.487531623
56.17141205	40.22980199	3.598785952
56.37579042	40.27100271	3.353206865
56.72677339	39.7427095	3.530517111
56.31166203	40.41776589	3.270572079
56.05189924	40.60139506	3.3467057
56.37467476	40.13443192	3.490893322
56.10408385	40.55294543	3.342970726
56.78918645	39.867722	3.343091546
56.31369714	40.24936755	3.436935309
56.50319829	40.26236854	3.234433161
56.68136157	39.9869914	3.331647033
56.06098927	40.37287278	3.566137948
55.65952527	40.77820731	3.562267423
56.1020563	40.42137978	3.476563912
55.79529437	40.63392244	3.570783187
55.95014451	40.4949422	3.554913295
55.92050587	40.77687444	3.302619693
56.56259034	39.8381035	3.599306158
56.23147546	40.42868503	3.339839514
56.35884096	40.14740949	3.493749548
56.48372295	40.20305669	3.313220363
56.40654932	40.21035891	3.38309177
56.3568048	40.28686007	3.356335128
56.52550947	39.91906345	3.555427085
56.21522006	40.2507769	3.534003035
56.25022587	40.24791298	3.501861154
56.43220982	40.31284997	3.254940212
56.1621563	40.44513495	3.392708747
56.38459315	40.17921665	3.436190201
56.16958219	40.37877693	3.451640885
56.3148195	40.1438225	3.541358002
56.37513553	40.10842067	3.516443802
56.70266951	39.8800708	3.41725969
56.56729901	40.1300813	3.302619693
56.28433073	40.2572998	3.458369471
56.50084896	39.95159134	3.547559698
56.40766173	40.13371883	3.458619443
56.41155417	40.18654423	3.401901594
56.02067744	40.68972996	3.289592597
56.24412806	40.3772494	3.378622534
56.24977415	40.32811766	3.422108192
56.22131473	40.24068519	3.538000072
56.30194406	40.0628749	3.635181036
55.85673497	40.74234703	3.400917995
56.27100271	40.26377597	3.465221319
55.92338272	40.65775208	3.418865197
56.18156192	40.41053811	3.407899967
56.30239954	40.19947962	3.498120844
56.20596206	40.32520325	3.468834688
56.55897658	39.89953744	3.541485979
56.42118956	40.2652309	3.313579533
56.17072025	40.41776589	3.411513859
56.61584044	40.0816592	3.302500361
56.32341779	40.22120215	3.455380056
56.07456378	40.64882049	3.276615729
56.22334658	40.26382364	3.51282978
56.32678133	40.18644313	3.486775546
56.37782756	40.2146419	3.407530534
56.0638913	40.65481353	3.281295172
56.44945607	40.08095703	3.469586902
56.44881434	40.20387507	3.347310584
56.01488816	40.60636722	3.378744625
56.2005277	40.38023638	3.419235913
56.68352601	39.80852601	3.507947977
56.47224631	40.23923099	3.288522694
56.53415251	40.07589447	3.389953018
56.10046982	40.55655945	3.342970726
56.397933	40.07516352	3.52690348
56.0575394	40.49081972	3.451640885
56.33874056	40.42414827	3.237111167
55.93293829	40.5369273	3.530134412
55.72621156	40.88034404	3.3934444
56.42841656	40.2290959	3.342487533
56.32815323	40.27105168	3.400795085
56.16284951	40.36558052	3.471569973
56.15423533	40.34403007	3.501734605
56.18517582	40.25152687	3.563297315
56.14611938	40.55138026	3.302500361
56.16240428	40.43129606	3.406299668
56.49503162	39.98554652	3.519421861
56.06591739	40.51895486	3.415127751
56.06591739	40.25875465	3.675327961
56.33380317	40.27250714	3.393689689
56.09712035	40.4668136	3.436066048
55.60252936	40.75880759	3.638663053
56.31660706	40.28033669	3.403056248
56.62654957	39.87856446	3.494885973
55.6928636	40.83107498	3.476061427
56.48984606	40.0737154	3.436438534
56.19849646	40.35709122	3.444412317
56.38282492	40.16191991	3.455255168
55.8787397	40.68145686	3.43980344
56.43582241	40.27311152	3.291066074
56.56886833	40.13947102	3.291660645
55.88596618	40.5369273	3.577106518
55.97557009	40.55870767	3.465722236
56.65510514	39.89088807	3.454006792
56.64522657	39.8930404	3.461733035
56.1621563	40.33312859	3.504715106
56.09280139	40.35848511	3.548713501
56.25948681	40.21322732	3.527285869
56.26716785	40.17637704	3.556455111
56.1621563	40.22473534	3.613108357
56.24186786	40.42576261	3.332369524
56.38801547	40.21829484	3.393689689
56	40.59981933	3.400180668
56.25135506	40.2905254	3.458119535
56.00794798	40.68280347	3.309248555
56.23350804	40.3397795	3.426712453
56.68184446	39.95374386	3.36441168
55.86321573	40.72079237	3.415991903
56.29471706	40.3700224	3.335260533
56.16438356	40.29349044	3.542125998
56.4918874	40.13659524	3.371517363
55.87523042	40.68023277	3.444536813
56.03021432	40.44237233	3.527413351
55.92614006	40.73859941	3.335260533
56.15557001	40.41784139	3.426588592
56.30962706	40.23200347	3.458369471
55.89000506	40.72775891	3.382236034
56.03136745	40.39462272	3.574009829
56.34372854	40.03179995	3.624471507
56.35391065	40.37877693	3.267312419
56.55127557	40.0520344	3.396690034
56.26535627	40.3418124	3.392831334
56.32927402	40.18357244	3.487153543
56.24864474	40.46259487	3.28876039
56.38709211	40.10768619	3.505221696
56.32815323	40.31441995	3.357426816
55.97182081	40.53106936	3.497109827
56.37217706	40.2601626	3.367660343
55.80286169	40.66339066	3.533747651
55.72177055	40.61427281	3.66395664
56.29313772	40.12936798	3.577494309
55.83538084	40.73926868	3.425350484
56.13572306	40.3375009	3.526776035
56.34530606	40.1965744	3.458119535
55.90733312	40.73150457	3.361162312
55.96343534	40.45958738	3.576977274
56.61762048	40.02386031	3.358519215
56.04899906	40.4350654	3.515935535
56.11042856	40.2435499	3.646021536
56.64244659	39.82937498	3.528178433
56.00014458	40.74315044	3.256704981
56.21770084	40.35271584	3.429583318
56.40673556	40.2182554	3.375009034
56.09509358	40.47980345	3.42510297
56.21883356	40.2616174	3.519549035
56.1377516	40.41123116	3.451017237
55.75755385	40.68960532	3.552840827
56.29696532	40.31791908	3.385115607
56.17819207	40.38225305	3.439554881
56.12171148	40.48496675	3.393321769
56.10611153	40.29419206	3.599696411
56.42026158	40.15824843	3.421489992
56.65172439	39.89227099	3.456004627
56.16463106	40.3447279	3.490641035
56.31980338	40.26818954	3.412007084
56.06361829	40.49159588	3.44478583
55.90084556	40.61212691	3.487027535
56.16982836	40.4263776	3.403794038
56.45103	40.18792917	3.361040838
56.04105678	40.60139506	3.357548159
55.72099747	40.79147091	3.487531623
55.94420756	40.57237841	3.483414035
56.38440132	40.2905779	3.325020781
56.18066847	40.31074977	3.508581752
56.14700781	40.36571263	3.487279561
56.08513406	40.54708391	3.367782034
56.41034906	40.2218689	3.367782034
55.96486154	40.57190369	3.463234762
56.46723029	40.20160416	3.331165547
56.46612466	40.10117435	3.432700994
56.04089891	40.41115688	3.547944216
56.40043368	40.25659559	3.342970726
56.70050945	39.88149005	3.418000506
56.31685458	40.35125759	3.331887829
56.20619897	40.42337981	3.370421212
56.38801547	40.22552315	3.386461383
56.24006359	40.43936985	3.320566556
56.05420054	40.39385727	3.551942186
56.13616652	40.36209887	3.501734605
55.57000903	40.92140921	3.508581752
55.79924845	40.90186443	3.298887122
56.16121453	40.67594433	3.162841135
56.2005277	40.41999494	3.379477356
56.06618975	40.50148132	3.432328926
56.38847725	40.28987603	3.321646727
56.4551106	39.95952002	3.58536938
56.52535328	40.20383823	3.270808486
55.9671823	40.60286251	3.429955183
56.63799957	39.9544699	3.407530534
56.02457535	40.57462956	3.400795085
55.74629563	40.64329599	3.610408385
56.21002421	40.37870849	3.4112673
56.45009756	40.1351449	3.414757534
56.21703634	40.36558052	3.417383137
55.88554086	40.69296915	3.421489992
56.00375913	40.50459047	3.491650401
55.7719406	40.56798063	3.660078766
56.51891189	39.95881652	3.522271594
56.16527492	40.1836388	3.651086289
56.10549133	40.44797688	3.446531792
56.27980922	40.34542564	3.374765139
56.58645856	40.03902016	3.37452128
56.20506521	40.34466563	3.450269157
55.74588031	40.90054929	3.353570396
56.47445625	40.08237589	3.443167859
55.92901803	40.49297047	3.578011493
56.4816822	40.16908736	3.349230436
56.26355356	40.10409137	3.632355067
55.98409543	40.58919212	3.426712453
56.01821731	40.54073592	3.441046772
56.07878569	40.28550777	3.635706541
56.50068657	40.0628749	3.436438534
56.69872027	39.85612031	3.445159424
56.18314542	40.26452732	3.552327262
56.34148986	40.3585499	3.299960241
56.30194406	40.3664089	3.331647033
56.34530606	40.2580039	3.396690034
56.23644252	40.33261027	3.430947216
56.10998699	40.38155803	3.508454979
56.53101055	40.07156282	3.39742663
56.26061504	40.32811766	3.4112673
56.2996964	40.32817696	3.372126644
56.45056375	40.15250072	3.396935531
56.50650289	40.12283237	3.37066474
56.31029375	40.0765979	3.613108357
56.39412998	40.10337598	3.502494036
56.12196972	40.40608403	3.471946241
56.51985403	39.97904397	3.501101998
56.47050318	40.13157895	3.397917872
56.412851	40.11781287	3.469336128
56.02775369	40.40185025	3.570396068
56.4275902	40.18147639	3.39093341
56.59245338	40.04626283	3.361283794
56.16101756	40.50010841	3.338874033
56.50319829	40.21538795	3.281413754
56.1569591	40.41407718	3.428963723
55.87597572	40.71263371	3.411390575
56.58018357	40.1170774	3.302739033
56.48482659	40.09031792	3.424855491
55.91052004	40.71410502	3.375374941
56.44630788	40.1055409	3.448151227
56.24638728	40.25650289	3.497109827
55.83462831	40.70687724	3.458494453
55.98727726	40.50674088	3.505981856
56.34123428	40.10695187	3.551813846
55.91413393	40.62737162	3.458494453
56.87082204	39.76513098	3.364046974
56.38255591	40.22473534	3.392708747
56.73400065	39.90170925	3.364290102
55.96154541	40.56163938	3.476815208
56.50178849	40.09466344	3.403548072
55.98309126	40.64600043	3.370908303
56.2055136	40.27531886	3.51916754
56.11809772	40.35487135	3.527030934
56.29787542	40.23702847	3.465096112
56.55583665	40.12287676	3.321286592
56.48388961	40.09174975	3.424360642
56.35456944	40.24861779	3.396812778
55.87395656	40.64973078	3.476312651
56.73653777	39.97831587	3.285146368
56.16690751	40.30708092	3.526011561
56.3225037	40.41776589	3.259730404
56.36291372	40.17560341	3.461482873
56.94258771	39.62857246	3.428839831
55.90329226	40.63098551	3.465722236
56.33492339	40.16695577	3.498120844
55.87236195	40.66204105	3.465596993
56.45213746	40.05709536	3.490767174
56.70822042	39.75429088	3.537488708
56.3389953	40.33249006	3.328514637
55.7704124	40.7127625	3.516825098
56.19013194	40.48075185	3.329116212
56.23622104	40.2905779	3.473201055
56.18448637	40.39976867	3.415744958
56.01127453	40.53770824	3.451017237
56.24548215	40.23781986	3.51669799
56.14859249	40.37148123	3.479926282
56.23080536	40.26086642	3.508328215
56.3430678	40.2956484	3.361283794
56.43249494	40.17418329	3.393321769
56.54327236	40.00795315	3.448774492
56.64510066	40.01879495	3.336104384
56.04625949	40.49150705	3.462233466
56.17319647	40.33540552	3.491398005
56.31822454	40.17205234	3.509723126
56.34530606	40.1495989	3.505095035
56.29359257	40.13949622	3.566911207
56.34891956	40.0411939	3.609886536
56.49345956	40.1857339	3.320806533
56.26468144	40.24791298	3.487405587
56.02081	40.52892084	3.450269157
56.37171659	40.18860426	3.439679156
56.21498536	40.50674088	3.278273756
56.59749837	39.95372713	3.448774492
56.44473361	40.19012506	3.365141329
56.43657391	40.24575352	3.31767257
56.29675135	40.226936	3.476312651
55.86800159	40.49951205	3.632486356
56.26377597	40.28184282	3.45438121
56.48104651	40.04264084	3.476312651
56.13115465	40.481527	3.387318343
56.04741083	40.55216276	3.400426408
56.5899317	40.1937046	3.216363702
56.4918874	40.10768619	3.400426408
56.36291372	40.28038734	3.356698945
55.74546506	40.85423141	3.400303534
56.24412806	40.2869119	3.468960035
56.25271071	40.51973399	3.227555299
56.13908266	40.55011385	3.310803484
56.1377516	40.46543562	3.396812778
56.73761428	39.72102772	3.541358002
56.25677335	40.31139369	3.43183296
55.71934388	40.74716381	3.533492304
56.88421509	39.64657415	3.469210755
56.33334538	40.29850746	3.368147158
55.92264594	40.6217242	3.455629857
56.33965673	40.22764228	3.432700994
55.94463718	40.56085574	3.494507083
56.06777702	40.47834098	3.453882004
55.85312082	40.91582638	3.231052803
56.31980338	40.29349044	3.386706184
56.29651037	40.25720685	3.446282783
56.36764334	40.13150764	3.500849019
55.67721885	40.97282452	3.349956635
56.28004482	40.19590125	3.524053927
56.36718327	40.22253531	3.41028142
56.14092141	40.4733514	3.385727191
56.52912271	39.91906345	3.551813846
56.05825173	40.55577639	3.385971886
56.28387656	40.3519549	3.364168534
55.88469041	40.57871541	3.536594177
56.07358416	40.5833243	3.343091546
56.77512654	39.84454085	3.38033261
56.10117435	40.48419151	3.414634146
56.42322842	40.17273154	3.404040039
56.0968558	40.61076979	3.292374413
56.06361829	40.46267847	3.473703235
56.23034378	40.29570184	3.473954379
56.14561492	40.41284072	3.441544357
56.60077337	40.17563514	3.223591486
56.2414167	40.26382364	3.494759668
56.01893679	40.50811319	3.47295002
56.10478771	40.54923216	3.345980126
56.26422867	40.30282225	3.432949084
56.0589638	40.44728665	3.493749548
56.29833056	40.3736359	3.328033533
56.33853715	40.1452732	3.51618965
56.53761342	40.10049525	3.361891335
56.30643647	40.24055479	3.453008741
56.22447873	40.38593575	3.389585517
56.35956193	40.22481657	3.415621499
56.11853993	40.45536682	3.426093242
56.28117094	40.42284062	3.295988435
56.22672884	40.38607526	3.387195893
56.24344935	40.30864867	3.447901984
56.4449102	40.00650454	3.548585264
56.1302682	40.50459047	3.365141329
56.33492339	40.31873374	3.346342874
56.11087019	40.47773923	3.411390575
56.51105651	40.11417835	3.374765139
56.4733514	40.03974706	3.486901536
56.62354557	39.9725374	3.403917034
56.62102106	39.88871626	3.490262673
56.09121463	40.52256875	3.386216617
56.10117435	40.54923216	3.349593496
56.41692869	40.27250714	3.310564169
56.04034124	40.391845	3.567813765
56.24616052	40.34257218	3.4112673
55.83706809	40.75466243	3.408269481
56.65751048	39.8980772	3.444412317
55.63947815	40.76108561	3.599436233
56.25767758	40.14740949	3.594912927
56.23803158	40.32228927	3.439679156
56.27959088	40.11709856	3.603310564
56.35345139	40.13010481	3.516443802
56.3064691	40.48066498	3.21286592
56.28545619	40.22041554	3.494128275
56.10434657	40.65469523	3.240958196
55.84471915	40.77929589	3.375984963
55.83899407	40.81875994	3.342245989
56.38570758	40.08454063	3.529751797
56.68329357	39.87204511	3.444661317
56.28117094	40.46982291	3.249006144
56.43092046	40.28766579	3.281413754
56.33242999	40.26377597	3.403794038
56.11625217	40.44245228	3.441295547
56.29019438	40.39309199	3.316713635
56.7159325	39.80414122	3.479926282
56.44147399	39.92413295	3.634393064
56.34398496	40.14242337	3.513591671
56.16507661	40.48496675	3.349956635
56.41553749	40.09394761	3.490514905
56.17457909	40.36057519	3.464845726
56.32927402	40.28114046	3.389585517
56.21340273	40.33832141	3.448275862
56.23667185	40.27180395	3.491524199
56.03267549	40.63109954	3.336224969
56.27123545	40.15036507	3.57839948
56.12823942	40.29349044	3.578270141
56.36810348	40.28254507	3.349351447
55.99956643	40.65469523	3.345738339
56.32296071	40.37370342	3.303335863
56.08037295	40.4575187	3.462108344
57.0230911	39.68127778	3.295631121
56.03859497	40.47051171	3.490893322
56.07155764	40.42284062	3.505601735
55.80084547	40.813672	3.385482531
56.24164469	40.19221736	3.566137948
55.72218408	40.93882123	3.338994688
56.21205551	40.41269153	3.375252963
56.37263759	40.1438225	3.483539913
56.22176443	40.221909	3.556326575
56.47050318	40.08458647	3.444910353
56.14453478	40.53477868	3.32068654
56.41507389	40.08743722	3.49748889
56.18111517	40.46182199	3.357062841
56.42118956	39.9978319	3.580978536
56.44397875	40.08382411	3.472197131
56.18359234	40.36501626	3.451391399
56.2511295	40.26457513	3.48429537
56.12691071	40.39316301	3.479926282
56.2922282	40.18137804	3.526393757
56.23870455	40.28410323	3.477192221
56.418687	40.17053871	3.410774289
56.43045568	40.226936	3.342608319
55.92816102	40.70393524	3.367903733
56.24616052	40.1799588	3.573880678
56.26264816	40.28620989	3.451141949
56.71302149	39.93859491	3.348383601
55.8242076	40.67367812	3.50211428
56.46816506	40.0701019	3.461733035
56.43295988	40.04336827	3.523671847
56.02283402	40.5376111	3.439554881
56.25542064	40.22116219	3.523417173
56.17973466	40.57043705	3.24982829
56.06186536	40.56300365	3.375130994
55.90329226	40.68157999	3.415127751
56.48181621	40.06579423	3.45238956
56.41377815	40.09831207	3.487909784
56.18631206	40.4603599	3.353328034
56.28184282	40.2131888	3.504968383
56.48151494	40.2370713	3.281413754
56.42906174	40.19653889	3.374399364
55.94102342	40.46328419	3.595692397
56.44333622	40.17779705	3.378866724
56.13642111	40.41692258	3.44665631
56.68087874	39.96242232	3.356698945
56.23373807	40.35125759	3.415004337
56.47177856	40.0628749	3.465346535
55.87321093	40.79803383	3.328755241
56.30622494	40.23628021	3.457494852
56.3841318	40.18715225	3.428715948
56.2258286	40.38023638	3.393935013
56.39116765	40.27682411	3.33200824
55.90127204	40.7596126	3.339115351
56.02731806	40.67716991	3.295512033
56.44240497	40.26954762	3.288047406
56.24006359	40.31290649	3.447029918
56.43313943	40.25364021	3.313220363
56.25338778	40.1907997	3.555812525
56.2262924	40.47902894	3.29467866
55.94941283	40.65401987	3.396567299
56.45732456	40.2146419	3.328033533
56.19918332	40.19441333	3.606403353
56.15943338	40.41484479	3.425721823
56.53179191	40.10115607	3.367052023
55.79084306	40.66779894	3.541358002
56.19556969	40.18357244	3.620857876
56.08425464	40.39309199	3.522653371
56.2452578	40.27170575	3.483036456
56.38144106	40.4206114	3.197947532
56.00216881	40.45544912	3.542382071
55.87916456	40.72775891	3.393076534
56.07993351	40.32811766	3.591948831
56.30892606	40.18711845	3.503955496
56.05578841	40.50440815	3.43980344
56.48342122	40.11413711	3.402441667
55.618607	40.88263997	3.498753027
56.397933	40.23054963	3.371517363
56.32947977	40.33598266	3.334537572
56.08239971	40.34694615	3.570654138
56.57091238	40.15898826	3.270099368
56.2540646	40.32805839	3.417877014
56.48717022	40.07589447	3.436935309
56.25677727	40.26241596	3.480806766
55.82815436	40.84043937	3.331406273
56.45073883	40.17847466	3.370786517
56.2039312	40.37794479	3.418124006
56.07588076	40.56368564	3.360433604
56.01214355	40.61585168	3.372004771
56.11087019	40.40546401	3.483665799
56.51624092	40.03685371	3.446905373
56.52393857	40.06142728	3.414634146
56.04653684	40.53546266	3.418000506
56.24073739	40.37954094	3.37972167
56.05967561	40.63143445	3.308889932
56.41034906	40.1495989	3.440052034
56.20596206	40.37217706	3.421860885
56.17953166	40.35848511	3.461983232
56.38820639	40.24064171	3.371151901
55.9587927	40.65787096	3.383336346
56.28906956	40.41192412	3.299006323
56.39385727	40.1770551	3.429087624
56.51561145	40.11274935	3.371639202
56.1416185	40.48049133	3.377890173
55.84866115	40.66057168	3.490767174
56.53477868	39.91327913	3.551942186
56.13502476	40.56163938	3.303335863
56.09641515	40.4994218	3.404163053
55.74226655	40.93307314	3.324660306
56.40200932	40.10335731	3.494633371
56.03759942	40.42660882	3.535791757
56.92040897	39.60403194	3.475559088
56.1069944	40.38677029	3.506235315
55.98627168	40.72615607	3.287572254
56.19556969	40.50518556	3.299244751
55.98756956	40.4928814	3.519549035
56.25158142	40.27110067	3.477317911
55.97888953	40.54366686	3.477443609
55.95461772	40.66339066	3.381991617
56.26874842	40.29419206	3.437059525
56.62245672	39.96602942	3.411513859
56.50272829	40.07877715	3.418494561
56.19195606	40.44375384	3.364290102
56.40812491	40.27757698	3.314298106
56.24186786	40.33540552	3.422726616
56.06142728	40.45528455	3.483288166
56.07517167	40.43006867	3.494759668
56.33624738	40.23191966	3.43183296
56.21002421	40.3570267	3.432949084
56.15448535	40.35189133	3.493623325
56.10584918	40.27185308	3.622297737
56.50430007	39.9906049	3.505095035
56.12823942	40.52481295	3.346947627
56.03498121	40.35848511	3.60653368
56.50948509	40.07949413	3.411020777
56.20596206	40.36495032	3.429087624
56.46624968	40.08821722	3.4455331
56.35824565	40.13812055	3.5036338
56.14364681	40.2579573	3.598395896
56.05305001	40.37655392	3.570396068
56.5429511	39.90820715	3.548841748
56.60234172	40.0332466	3.36441168
56.02862513	40.45467688	3.51669799
55.8963798	40.41476985	3.68885035
56.56102056	39.99132666	3.447652777
56.46659198	40.04264084	3.490767174
56.48466014	40.15104976	3.364290102
56.25768202	40.35499964	3.387318343
56.11360023	40.61641856	3.269981211
56.24254689	40.55939002	3.198063094
56.40358485	40.22116219	3.375252963
55.92007804	40.69082632	3.389095639
56.26874842	40.42791572	3.303335863
56.54437014	40.16627508	3.28935478
56.36429346	40.23491146	3.400795085
56.54357566	39.99132823	3.465096112
55.89521229	40.58897922	3.515808491
55.96257361	40.75358549	3.283840902
56.18700098	40.56143647	3.251562556
56.25926328	40.2234031	3.517333623
55.90531261	40.73364655	3.361040838
56.3796718	40.20819779	3.412130413
56.47177856	40.0773289	3.450892535
56.53415251	40.01084207	3.455005421
56.45400325	40.18434845	3.361648292
55.90616641	40.77929589	3.3145377
56.2601626	40.32158988	3.418247516
56.60186457	40.0231264	3.375009034
56.31187225	40.20883012	3.479297637
55.95027285	40.58039102	3.469336128
55.95780042	40.66406532	3.378134258
56.44333622	40.24645851	3.310205262
56.51969642	40.07228045	3.40802313
56.26626193	40.27175484	3.461983232
56.15626468	40.5044993	3.339236023
56.01575771	40.55441107	3.429831219
56.2219974	40.56221997	3.215782628
56.02239884	40.39017341	3.587427746
56.29019438	40.14379652	3.566009105
56.29268293	40.35772358	3.349593496
56.78410117	39.6097561	3.606142728
56.01445348	40.68292683	3.302619693
56.35706541	40.17347308	3.469461511
56.3213821	40.24143415	3.43718375
55.90286561	40.58468543	3.512448957
56.35956193	40.43083818	3.209599884
56.41266628	40.05205321	3.535280509
56.15626468	40.29127968	3.552455639
55.94954095	40.56603774	3.484421311
56.4087739	40.20886785	3.382358255
56.56729901	40.13730804	3.295392954
56.21137095	40.40192287	3.386706184
56.10858093	40.32386323	3.567555845
56.01806685	40.59259259	3.38934056
56.11695399	40.4604431	3.422602913
56.53996242	40.02384738	3.436190201
56.40015897	40.03034792	3.569493118
56.5467158	39.97398656	3.479297637
56.45575109	40.05709536	3.487153543
56.45715112	40.17782918	3.365019699
56.48874273	40.16840736	3.342849915
56.71280402	39.71305699	3.57413899
56.64884007	39.8207704	3.530389535
56.01416799	40.50889114	3.47694087
56.16869037	40.52110437	3.310205262
56.03252033	40.24932249	3.718157182
56.34825979	40.26527883	3.386461383
56.29110356	40.1965744	3.512322035
56.24412806	40.2038014	3.552070536
56.07270625	40.3570267	3.570267047
55.82454112	40.58389941	3.591559474
55.85312082	40.76403195	3.38284723
56.12691071	40.52686734	3.346221949
56.27846454	40.18651052	3.53502494
56.03367295	40.53399812	3.432328926
55.87310763	40.67637388	3.450518481
55.89478628	40.70166564	3.403548072
56.31527592	40.13226844	3.552455639
56.28727365	40.16337153	3.549354827
56.05507571	40.53702432	3.407899967
56.16938252	40.39816454	3.432452939
56.09641515	40.42714657	3.476438277
56.43499946	40.18215331	3.38284723
56.06186536	40.58829906	3.34983558
56.34510428	40.1561427	3.498753027
56.70762559	39.96024575	3.332128659
56.16374015	40.46896452	3.367295325
55.93698056	40.4964949	3.566524536
56.23440946	40.29861538	3.466975164
56.63751987	40.09249892	3.269981211
56.16893674	40.57588786	3.255175404
56.43832647	40.26663776	3.295035768
56.38051882	40.26302479	3.356456391
56.69003903	39.77880584	3.531155125
56.09553404	40.56944645	3.335019511
56.44537603	40.34910195	3.205522027
56.22809236	40.3570267	3.414880931
56.54011487	39.99927753	3.460607593
56.81555363	40.0332466	3.151199769
56.31731117	40.26020961	3.422479219
56.22244706	40.3194334	3.458119535
56.06865402	40.54200542	3.38934056
56.73028266	39.90096147	3.368755874
56.86820137	39.73112645	3.400672184
56.57295657	39.9689239	3.458119535
56.45668438	40.07372872	3.469586902
56.35003794	40.27893197	3.371030097
55.98915989	40.59981933	3.411020777
55.91052004	40.59484659	3.494633371
56.51938293	39.97254236	3.508074714
56.29246783	40.35347694	3.354055226
56.12646793	40.50948509	3.364046974
56.68605701	39.98265708	3.331285905
56.51089667	40.12794102	3.361162312
56.06591739	40.43944924	3.494633371
56.42870052	40.1771191	3.394180372
56.11651187	40.41776589	3.465722236
56.38347848	40.1907997	3.425721823
56.14453478	40.4263776	3.429087624
56.60643296	39.98554391	3.40802313
56.18131868	40.30147484	3.517206478
56.60111344	40.0802545	3.318632058
55.78688643	40.66363045	3.54948312
56.02529359	40.4733514	3.501355014
56.24503072	40.18070112	3.57426816
56.64679313	40.06865402	3.284552846
56.22696061	40.41561258	3.357426816
56.33762104	40.22257552	3.43980344
56.21928303	40.36571263	3.415004337
56.40923711	40.17924903	3.411513859
56.40423456	40.29699751	3.29876793
56.02326926	40.66339066	3.313340078
56.17161239	40.4091517	3.419235913
56.06301489	40.47911548	3.457869634
56.04451189	40.55206301	3.403425103
55.85706027	40.74649516	3.396444573
56.17457909	40.3099935	3.515427415
55.58606735	40.87295852	3.540974129
56.66582343	40.06721839	3.266958187
56.23328756	40.2977524	3.468960035
56.36383348	40.18863833	3.447528187
55.64991147	40.88100314	3.46908539
55.8197521	40.69309435	3.487153543
56.51514057	40.1857339	3.299125533
56.412851	40.12865455	3.458494453
56.43972246	40.15972825	3.400549292
56.43832647	40.08960185	3.472071681
56.40451063	40.23420558	3.361283794
56.11360023	40.30568001	3.580719757
56.68196105	39.92557535	3.392463601
56.21928303	40.2572998	3.523417173
56.3060133	40.23923099	3.45475571
56.22176443	40.35924681	3.41898876
56.43249494	39.94651633	3.620988725
56.23328756	40.2074149	3.559297536
56.38820639	40.12501807	3.486775546
56.13166643	40.47911548	3.389218095
56.03557355	40.57698565	3.387440801
56.1921631	40.34846732	3.459369578
56.26535627	40.05636653	3.678277208
56.3506972	40.31139369	3.337909111
56.57343163	40.1452732	3.281295172
56.24864474	40.22045537	3.530899892
56.20369366	40.52549785	3.270808486
56.39978312	40.23133924	3.368877643
56.02803569	40.66982189	3.302142418
56.37579042	40.28184282	3.342366757
56.04336043	40.30352304	3.653116531
56.48937708	40.17199017	3.33863275
55.82613723	40.56798063	3.60588214
56.11853993	40.59992772	3.281532346
55.86630533	40.51309846	3.620596206
56.26535627	40.22980199	3.50484174
56.77678184	39.68844875	3.534769409
56.22764228	40.36856369	3.403794038
56.39524377	40.13516932	3.469586902
56.67979619	39.80414122	3.516062588
56.65088715	40.04264084	3.306472012
56.22131473	40.32019081	3.458494453
56.70401156	39.89880737	3.397181063
55.99971086	40.55226254	3.448026601
56.47381925	39.93423192	3.591948831
56.26445087	40.36127168	3.374277457
56.21928303	40.48496675	3.295750217
56.21160656	40.3880899	3.400303534
56.412851	40.02746558	3.559683423
56.34825979	40.31949113	3.332249087
56.46612466	40.22402891	3.309846432
56.44409096	40.12870106	3.427207982
55.90647924	40.60998085	3.483539913
56.37355886	39.95084752	3.675593625
55.96227506	40.65548891	3.382236034
56.67052107	39.8749729	3.454506035
56.15176152	40.28545619	3.562782294
56.17884122	40.28626161	3.53489717
56.55992482	39.94867717	3.491398005
55.94984281	40.5449355	3.505221696
56.20121422	40.22477595	3.574009829
56.03744263	40.51104124	3.451516137
56.19804843	40.43006867	3.371882906
56.35772358	40.2131888	3.429087624
55.84917938	40.71289133	3.437929289
55.94390429	40.57541475	3.480680956
56.30488995	40.35924681	3.33586324
56.40636298	40.27838033	3.315256688
56.39181963	40.15753722	3.450643157
56.38774478	40.22689501	3.385360214
56.39997109	40.15250072	3.447528187
56.19512195	40.31074977	3.494128275
56.13635542	40.40053501	3.463109569
56.43360434	40.166215	3.400180668
56.62511292	39.6928636	3.682023487
56.00419318	40.5075188	3.488288028
56.06953128	40.47197427	3.458494453
56.10637375	40.4068507	3.486775546
56.02803569	40.37718126	3.594783049
56.23870455	40.33832141	3.422974048
56.06098927	40.34396792	3.595042815
55.97888953	40.57258531	3.448525159
55.943778	40.6850701	3.371151901
56.1939867	40.49219428	3.313819023
56.43156526	40.22257552	3.345859228
56.1757162	40.34175066	3.482533145
55.83622434	40.8065915	3.357184157
56.38097991	40.23341523	3.385604856
56.10611153	40.5833243	3.310564169
56.18607005	40.47421115	3.339718799
56.15176152	40.58536585	3.262872629
56.11016735	40.47421115	3.415621499
56.31797651	40.25654923	3.425474255
56.29359257	40.24068519	3.465722236
56.32723856	40.2218689	3.450892535
56.2414167	40.34333213	3.415251175
56.25948681	40.3867004	3.353812794
55.98886801	40.63900535	3.372126644
56.42684205	40.20164059	3.371517363
56.00968488	40.53917317	3.451141949
56.47743288	40.06793626	3.454630868
56.15468016	40.44452476	3.400795085
56.10046982	40.40477051	3.494759668
56.22922388	40.33458592	3.436190201
56.52173913	39.91832014	3.559940728
55.94665896	40.5912327	3.462108344
56.36744724	40.39823648	3.234316276
56.33853715	40.11997687	3.541485979
56.41034906	40.1893474	3.400303534
56.05710155	40.49873509	3.444163354
56.4620443	40.37287278	3.165082921
55.97904624	40.66473988	3.356213873
56.24299808	40.33103249	3.425969426
56.75109297	39.92123424	3.327672797
56.11333984	40.55079692	3.33586324
56.44759186	40.22473534	3.327672797
56.09438803	40.52325371	3.382358255
56.35660596	40.08745302	3.555941023
56.23305743	40.4344526	3.33248997
56.37690585	40.20160416	3.421489992
56.42805495	40.10484454	3.467100506
56.1490369	40.48642984	3.364533266
56.16012718	40.46896452	3.370908303
56.17616243	40.37718126	3.44665631
56.06821549	40.45236117	3.479423348
56.4313853	40.15324009	3.415374607
56.16824456	40.2760714	3.555684036
56.35818307	40.10768619	3.534130741
56.05765063	40.49270337	3.449646005
56.49078424	40.07228045	3.436935309
56.33807906	40.2905254	3.371395534
56.40840233	40.17137279	3.420224882
56.27552311	40.24068519	3.483791695
56.11835688	40.54698508	3.334658044
56.12056814	40.36286096	3.516570892
56.3319724	40.24641399	3.421613614
56.10002891	40.51387684	3.386094247
56.231706	40.30282225	3.465471759
56.50571057	40.08601995	3.408269481
56.73097767	39.8692102	3.399812125
56.76447207	39.8930404	3.342487533
56.22221419	40.30071927	3.477066541
56.38190228	40.14888696	3.469210755
56.24774156	40.3338874	3.418371034
56.21883356	40.4567464	3.324420033
56.12373966	40.54425211	3.33200824
56.47381925	40.20886785	3.317312904
56.31843313	40.34618581	3.335381057
56.01242954	40.57667293	3.410897529
56.35772358	40.1770551	3.465221319
56.82795505	39.88002746	3.29201749
55.84504752	40.70393524	3.451017237
55.80495916	40.52627774	3.668763103
56.1770551	40.40469738	3.418247516
56.44444444	40.25654923	3.299006323
56.14453478	40.52393857	3.331526649
56.15606936	40.46965318	3.374277457
56.45435167	40.32298855	3.222659778
55.95836195	40.56818593	3.473452127
56.23238673	40.36418816	3.403425103
56.39228156	40.2074149	3.400303534
56.36429346	40.15178894	3.4839176
56.15334586	40.33458592	3.512068218
55.61537906	40.93734191	3.447279034
56.26626193	40.53194565	3.201792426
56.27597672	40.21829484	3.505728433
56.17636429	40.48789302	3.335742682
56.1416185	40.36127168	3.497109827
56.50995555	40.18357244	3.306472012
56.46910011	40.01084207	3.520057824
55.89776958	40.60658642	3.495644001
55.87725005	40.70700499	3.415744958
56.12823942	40.38023638	3.491524199
56.38820639	40.15031074	3.461482873
56.35029637	40.16553419	3.484169438
56.34642483	40.25725332	3.396321856
56.19467428	40.35480724	3.450518481
55.77520781	40.75533068	3.469461511
55.70050229	40.64250352	3.656994182
56.21522006	40.3591819	3.425598034
56.27619598	40.16115046	3.562653563
55.92540388	40.69174889	3.38284723
56.39728206	40.15107706	3.451640885
56.12849606	40.4784274	3.393076534
56.42601497	40.21185062	3.362134413
56.17884122	40.31879134	3.502367441
56.20709589	40.29192861	3.500975504
56.21522006	40.4531329	3.331647033
56.10972569	40.33756189	3.552712422
56.30962706	40.20309338	3.487279561
56.10522892	40.5810718	3.313699274
56.1350912	40.44428391	3.420624887
55.72662547	40.77848856	3.494885973
56.11695399	40.51465539	3.368390618
55.97411518	40.63844402	3.387440801
56.60404624	40.0216763	3.374277457
56.52896744	40.06288626	3.408146301
56.71485363	39.9024214	3.382724973
56.06777702	40.5867264	3.345496586
56.6117494	39.91979189	3.468458704
56.35049684	40.18789521	3.461607949
56.05825173	40.51241282	3.429335453
55.94868088	40.54210336	3.509215757
55.85227478	40.628049	3.519676219
56.15740406	40.2905254	3.552070536
56.05058717	40.62149955	3.327913279
55.9988436	40.54640069	3.45475571
56.36902396	40.30643588	3.324540166
56.42165366	40.12720439	3.451141949
56.40043368	39.97831587	3.621250452
56.16487844	40.35258842	3.482533145
56.04439303	40.61889957	3.336707396
56.50477016	40.21393466	3.281295172
56.29268293	40.37217706	3.335140018
56.14656356	40.2435499	3.609886536
56.55897658	39.83448974	3.60653368
56.44712598	40.04841215	3.504461866
56.31074977	40.11924119	3.570009033