intergenic	intron	exon
NA	NA	NA
56.54516951	39.94708995	3.507740545
57.25901254	39.15556426	3.585423197
56.16304135	40.34881442	3.488144229
57.47723044	39.55538145	2.967388111
55.74493094	40.91487903	3.340190028
56.14585375	40.40384238	3.450303862
56.02899402	40.93446959	3.036536389
57.01410658	39.82170846	3.164184953
55.75698187	40.87212151	3.370896619
56.14894659	40.33317001	3.51788339
56.54942686	39.66885471	3.781718429
56.24142661	40.34881442	3.409758965
56.41226609	40.42323895	3.164494954
56.86716301	39.70415361	3.428683386
55.60235064	41.14593536	3.251714006
55.49568966	40.98746082	3.51684953
56.57198825	40.08814887	3.33986288
56.26408071	40.14105201	3.594867274
55.41189147	41.28709962	3.301008914
56.18142633	40.25274295	3.565830721
56.91749951	39.7707231	3.311777386
56.52429467	39.89028213	3.585423197
55.60779704	40.87569791	3.516505045
56.33388851	40.29587538	3.370236112
55.63283699	40.77194357	3.595219436
56.51748115	40.21153658	3.270982274
56.57752963	39.66108336	3.761387011
55.87457129	41.00930916	3.116119549
55.93535749	40.45053869	3.61410382
56.31857367	40.10579937	3.575626959
56.50171485	40.08819206	3.410093092
55.90713166	40.44866771	3.644200627
56.54388715	40.02742947	3.428683386
57.13586052	39.21050054	3.653638946
56.54260529	40.3036239	3.153770813
56.48638056	40.260631	3.252988438
56.58436214	39.702136	3.713501862
56.40673981	39.99804075	3.595219436
56.44718793	39.97648442	3.57632765
56.22061129	40.53683386	3.242554859
56.42759161	39.91769547	3.654712914
56.53962967	40.01175664	3.448613696
56.79302576	39.62190224	3.585071995
56.47531348	39.94905956	3.575626959
56.60691547	40.0528945	3.340190028
56.60654774	39.79611841	3.597333856
57.00852189	39.65128808	3.340190028
55.70798628	40.64674179	3.645271926
56.30573248	40.18618324	3.508084272
56.91056911	39.75903614	3.33039475
56.27510532	40.34486137	3.38003331
56.58436214	40.1920439	3.223593964
55.97022235	40.6504065	3.379371143
56.27082109	40.60356653	3.125612385
56.20101881	40.44866771	3.35031348
55.59800176	41.14996572	3.25203252
55.55011267	40.86411286	3.585774469
57.07288401	39.4200627	3.507053292
56.64054848	39.85308521	3.506366308
56.044279	40.38009404	3.575626959
56.72577643	39.87459587	3.399627706
55.98981291	40.84631208	3.163875012
56.16545775	40.66849637	3.166045873
56.55199451	40.34107615	3.106929335
55.60889586	41.01107083	3.38003331
56.18384947	40.40572325	3.410427283
57.05329154	39.70415361	3.242554859
56.84757053	39.64537618	3.507053292
56.56179555	40.01764187	3.42056258
55.80803134	40.8619001	3.33006856
57.124657	39.66091729	3.214425715
55.84950029	40.52518127	3.62531844
55.58930146	41.30498677	3.105711766
56.97628846	39.45718205	3.566529492
56.32285239	40.01371339	3.663434225
55.98001763	40.5132726	3.506709766
56.76072898	39.75112679	3.488144229
55.94200059	40.75634369	3.301655726
56.23898139	40.48971596	3.271302644
56.60395846	40.02547521	3.370566334
56.51151396	40.20578148	3.282704557
56.31305711	40.19002841	3.496914487
56.1207488	40.31167304	3.567578163
56.86716301	40.07641066	3.056426332
55.28893242	41.13614104	3.574926543
55.60344828	41.0854232	3.311128527
56.70486825	39.66108336	3.634048389
55.7112069	40.69357367	3.595219436
56.09875576	40.33506417	3.566180072
55.94515181	40.43095005	3.623898139
55.95611285	40.80133229	3.242554859
55.1670095	41.2479185	3.585071995
56.66438155	39.73166193	3.603956517
56.51577503	40.13325495	3.350970018
56.51705214	40.27832223	3.204625637
55.45757398	41.10327258	3.439153439
56.75649192	40.02939735	3.21411073
55.52943481	40.90508375	3.565481438
56.40246889	40.11952582	3.47800529
57.50538899	39.06525573	3.429355281
57.18765311	39.17687408	3.635472807
56.11285266	40.57601881	3.311128527
55.98118938	40.7073577	3.311452924
57.08268025	39.71394984	3.203369906
57.16944172	39.51028404	3.320274241
56.88118327	39.62190224	3.496914487
56.50896268	40.22920952	3.261827799
56.58732491	39.97453228	3.438142815
56.16183386	40.52703762	3.311128527
56.60266458	40.01763323	3.379702194
56.67123824	39.80211599	3.526645768
56.60266458	39.89028213	3.507053292
55.85815047	40.58581505	3.556034483
55.66222571	40.87970219	3.4580721
55.75472622	40.84631208	3.3989617
55.66656871	40.72876873	3.604662553
56.30573248	40.24497795	3.449289564
56.37182878	40.17043785	3.457733373
56.11405056	40.47619048	3.409758965
56.54388715	40.04702194	3.409090909
56.84066203	39.48682793	3.672510038
55.44234349	41.1580288	3.399627706
56.02781314	40.1821565	3.790030359
56.15083252	40.43095005	3.418217434
56.50597688	40.09406232	3.399960807
55.98981291	40.57204427	3.438142815
56.47531348	40.31152038	3.213166144
56.37182878	40.31736703	3.310804192
56.32352941	40.28431373	3.392156863
55.76998433	40.82092476	3.409090909
56.32409131	40.37425296	3.301655726
56.18693054	40.12932301	3.683746449
56.24449016	40.19002841	3.565481438
55.71666503	40.91309885	3.370236112
56.53281097	39.94123408	3.525954946
56.11835015	40.22729499	3.654354855
56.42885143	39.94511956	3.626029008
55.98667451	40.67215364	3.34117186
56.58010779	39.82361587	3.596276335
56.44165769	40.02155384	3.536788478
56.20530904	40.48388677	3.310804192
55.29434812	41.14996572	3.555686159
55.93768372	40.68195179	3.380364491
56.32409131	40.2077006	3.468208092
55.97687635	40.7505389	3.272584754
56.42633229	39.98824451	3.585423197
56.67809897	40.1077903	3.21411073
56.53962967	40.29587538	3.164494954
56.36755486	40.23315047	3.399294671
55.70141066	40.76214734	3.536442006
56.54814379	40.02350867	3.428347536
56.54091132	40.02939735	3.429691328
56.46125208	40.2174978	3.321250122
56.8502548	39.86671893	3.283026264
56.16062684	40.3036239	3.535749265
57.29819749	39.32210031	3.379702194
56.09326019	40.419279	3.487460815
56.47785182	40.10192082	3.420227362
56.14653737	40.60143011	3.25203252
55.95925962	40.39761042	3.643129958
56.91192319	39.76682669	3.321250122
56.45698609	39.81971389	3.72330002
56.10735625	40.63081595	3.261827799
55.90396864	40.71533562	3.380695737
56.26653601	39.91180794	3.821656051
56.01371205	40.67580803	3.310479922
56.6993144	39.93143976	3.369245837
55.56317336	41.0675808	3.369245837
57.39198589	39.36514157	3.242872538
56.75808031	39.67678746	3.565132223
57.18342963	39.74145529	3.075115072
56.18693054	40.26648379	3.546585676
56.23898139	40.46033301	3.300685602
55.98001763	40.43491037	3.585071995
55.1234326	41.26175549	3.614811912
55.82329317	40.6504065	3.526300323
55.86794671	40.830721	3.301332288
56.23898139	40.56807052	3.19294809
56.05837986	40.68958762	3.25203252
56.24877571	40.14691479	3.6043095
56.28367127	40.32716231	3.389166422
56.31001372	40.32921811	3.360768176
55.80483982	40.76614088	3.4290193
55.97022235	40.31736703	3.712410618
56.62355477	39.84910837	3.527336861
56.7887931	39.64537618	3.565830721
56.63500147	39.79042209	3.574576437
56.18814307	40.30377266	3.508084272
56.0411563	40.35276825	3.606075453
56.76920063	39.80211599	3.428683386
56.97492163	39.74333856	3.281739812
56.61800725	39.80601548	3.575977271
56.05837986	40.57204427	3.369575864
55.57841121	41.05201293	3.369575864
56.46125208	40.03135103	3.507396884
55.68181818	40.56622257	3.751959248
55.2507837	41.30094044	3.448275862
56.33692458	40.3036239	3.359451518
56.69083072	39.80211599	3.507053292
56.45998629	40.17043785	3.369575864
56.3620335	40.0528945	3.585071995
55.53051827	41.10904281	3.360438914
56.06268364	40.5093046	3.428011753
56.72021944	39.81191223	3.467868339
57.08545668	39.62171697	3.292826343
56.18693054	40.2077006	3.605368865
55.4031547	41.37356716	3.223278142
56.2248996	40.30757175	3.467528651
55.22578117	41.2968949	3.47732393
57.02527925	39.74132863	3.233392122
56.34796238	40.12539185	3.526645768
55.89186012	40.57204427	3.536095602
56.13244514	40.42907524	3.438479624
56.28367127	40.29777647	3.418552258
55.8374143	40.72477963	3.437806072
56.04546345	40.65255732	3.301979228
57.11626996	39.47497306	3.408756979
55.13222331	41.22428991	3.643486778
56.14344503	40.62316285	3.233392122
56.34796238	40.1645768	3.487460815
56.14224138	40.58581505	3.271943574
56.08895856	40.36445577	3.546585676
56.05288932	40.41136141	3.535749265
55.71008815	41.20470127	3.085210578
56.64609658	39.8276031	3.526300323
55.50764406	41.02312819	3.469227754
56.58010779	39.62763351	3.792258697
56.52855324	39.7786267	3.692820061
56.43060045	40.22920952	3.340190028
56.04858458	40.34675287	3.604662553
55.14741894	41.26750906	3.585071995
56.31305711	40.12146146	3.565481438
56.58603467	39.96670258	3.447262756
56.74272843	39.84918225	3.408089315
56.62780445	40.04114823	3.33104732
56.53834852	39.99412283	3.467528651
56.51875796	40.14105201	3.340190028
55.98550157	40.81112853	3.203369906
55.63607874	41.10273235	3.261188914
56.28367127	40.47409149	3.242237242
55.87226957	40.90508375	3.222646684
56.30877743	40.17437304	3.51684953
56.62060178	40.08624914	3.293149074
56.14894659	40.45075943	3.400293974
56.24020376	39.99804075	3.761755486
56.10664576	40.59988238	3.293471868
56.13364687	40.3782089	3.488144229
56.37182878	40.14105201	3.487119209
56.27938871	40.27233542	3.448275862
55.96474045	40.29382958	3.741429971
56.68103448	39.94905956	3.369905956
55.51636292	40.90730943	3.57632765
56.73981191	39.60619122	3.653996865
56.62060178	39.69420759	3.68519063
56.10305643	40.19396552	3.702978056
56.25122477	39.96668626	3.782088967
56.38965112	40.35672285	3.253626029
56.31676958	40.27246888	3.410761541
56.81528662	39.91180794	3.272905439
56.62650602	39.61210696	3.761387011
56.84468398	40.04899559	3.106320431
56.49363369	40.22526934	3.281096964
56.54942686	40.15871461	3.291858528
56.26836435	40.0489716	3.682664055
56.71466353	39.89617005	3.389166422
55.27579112	41.35397276	3.370236112
56.15203762	40.45846395	3.389498433
55.54467085	40.60540752	3.84992163
56.33140731	40.26050338	3.408089315
56.42080517	39.81780782	3.761387011
55.69496177	40.65869437	3.646343854
55.8734202	40.50161654	3.624963261
55.8863859	40.63663075	3.47698335
56.55793907	39.93535116	3.506709766
56.23469488	40.29777647	3.467528651
56.52003527	40.01175664	3.468208092
55.97570533	40.65438871	3.369905956
55.80483982	41.06005682	3.13510336
56.58732491	40.29777647	3.114898619
56.92307692	39.75502205	3.321901029
56.59157689	40.13712047	3.271302644
56.15083252	40.20568071	3.643486778
56.94975022	39.84719365	3.203056127
56.93151759	39.93337905	3.13510336
56.18142633	40.30172414	3.51684953
56.49490596	39.9588558	3.546238245
56.0877657	40.42511509	3.487119209
55.66656871	40.99324126	3.340190028
56.83220688	40.01371339	3.154079734
55.83970214	40.68195179	3.478346071
56.48211661	39.96080353	3.557079863
56.50044087	39.77662389	3.722935241
56.49191573	40.03919647	3.4688878
57.26462232	39.34554717	3.389830508
56.52003527	40.01175664	3.468208092
56.99872661	39.75903614	3.242237242
56.05837986	40.57204427	3.369575864
56.29898119	40.50744514	3.193573668
56.3467189	40.38197845	3.271302644
55.56317336	40.92066601	3.516160627
56.50896268	39.99412283	3.496914487
55.60344828	40.91888715	3.477664577
56.16612793	40.61122539	3.222646684
56.37860082	40.074466	3.546933177
56.00078378	40.58979132	3.409424904
55.58820648	40.49368205	3.91811147
56.44039573	40.11166618	3.447938094
56.53665229	40.09212074	3.37122697
55.8863859	40.82272282	3.290891283
57.25063688	39.63354889	3.115814227
56.87830688	39.57475995	3.546933177
55.98981291	40.70917818	3.301008914
56.80838558	39.60619122	3.585423197
56.05526161	40.5643739	3.380364491
56.73981191	39.78252351	3.477664577
56.19794219	40.2155806	3.586477217
56.09326019	40.31152038	3.595219436
56.05526161	40.64275916	3.301979228
56.57752963	40.25859536	3.163875012
55.62414266	40.95630022	3.419557123
56.90634796	39.78252351	3.311128527
56.52003527	39.83540707	3.644557657
56.58139763	39.93923356	3.479368813
55.82990398	40.29982363	3.870272389
57.0966794	39.71005975	3.193260848
56.56605253	40.07252058	3.361426891
56.70486825	39.83739837	3.457733373
56.19122257	40.36050157	3.448275862
56.33085065	40.05292042	3.61622893
56.84622919	39.88246817	3.271302644
56.24449016	40.47409149	3.281418356
57.46202842	39.14747673	3.390494855
56.27815867	39.96082272	3.761018609
56.97070638	39.50230234	3.52699128
55.7895768	40.54663009	3.663793103
55.97453477	40.57786484	3.447600392
56.044279	40.48785266	3.467868339
55.73079937	40.57601881	3.693181818
55.41731975	41.31073668	3.271943574
57.07986281	39.81381676	3.106320431
56.26102293	40.21164021	3.527336861
56.80415401	40.08033702	3.115508964
56.44039573	40.47409149	3.085512783
56.83777429	39.89028213	3.271943574
55.87659158	40.83251714	3.290891283
56.30326183	40.67979234	3.016945832
57.39760925	39.25142073	3.350970018
56.72153635	39.78052126	3.497942387
56.53409091	40.1645768	3.301332288
56.84045472	39.88631909	3.273226186
56.07797042	40.47409149	3.447938094
56.10735625	40.70917818	3.18346557
55.89416952	40.54875061	3.557079863
55.70574983	40.67979234	3.614457831
55.93220339	40.56039973	3.507396884
56.61116552	40.21547502	3.173359452
56.75225402	39.9745198	3.273226186
56.18142633	40.38989028	3.428683386
55.7112069	41.04623824	3.242554859
56.37860082	40.38800705	3.233392122
56.36755486	40.02742947	3.605015674
56.64054848	40.00979432	3.349657199
55.91260899	40.83472127	3.252669736
55.96042707	40.57204427	3.467528651
55.58820648	40.78754041	3.62425311
57.16665034	39.28676399	3.546585676
56.90212599	39.89419026	3.203683746
55.95179779	40.6877633	3.360438914
56.35472807	40.1077903	3.537481627
56.32533072	39.97060265	3.704066634
56.09756098	40.562249	3.340190028
56.89232879	39.66885471	3.438816498
56.90212599	39.7080435	3.389830508
56.49064368	40.16851181	3.340844518
57.19882468	39.47110676	3.33006856
55.48696845	41.22085048	3.29218107
55.95296423	40.94071534	3.106320431
55.68404547	41.21912975	3.096824775
56.06268364	40.15670911	3.780607248
55.81463701	40.72695209	3.458410894
55.863623	40.58979132	3.546585676
56.48084648	40.03135103	3.487802488
56.70618203	39.75702949	3.536788478
56.66013712	40.28403526	3.05582762
56.20409362	40.58368426	3.212222113
55.78091319	40.77013521	3.448951597
57.19604193	39.45331635	3.350641716
55.83423141	40.74654649	3.419222102
56.12694681	40.48388677	3.389166422
55.91145068	40.6993829	3.389166422
56.68658764	39.86479867	3.448613696
56.38839898	40.41740153	3.19419949
56.86716301	39.72374608	3.409090909
55.94515181	40.57786484	3.47698335
56.03448276	40.73275862	3.232758621
56.49617872	40.260631	3.24319028
56.3926717	40.02155384	3.585774469
55.62414266	41.18165785	3.19419949
56.8629372	39.95297345	3.18408935
56.37058075	40.39761042	3.231808834
56.25	40.56622257	3.183777429
55.93220339	40.50161654	3.566180072
56.42633229	40.42907524	3.144592476
55.91376776	40.84272415	3.243508084
56.34920635	40.59376837	3.057025279
55.45214069	41.02086803	3.52699128
56.95532915	39.77272727	3.271943574
56.28918495	40.31152038	3.399294671
57.3388203	39.12404468	3.537135019
56.30449691	40.16851181	3.52699128
56.01801978	40.83831162	3.143668593
55.76131687	40.42719969	3.811483441
56.24877571	39.88246817	3.868756121
56.26408071	40.50347732	3.232441963
56.12384872	40.12345679	3.752694493
56.36880267	39.93729179	3.693905546
56.69083072	39.98824451	3.320924765
57.208619	39.56904995	3.222331048
56.29898119	40.15478056	3.546238245
56.08584869	40.57232458	3.341826735
56.01801978	40.5249241	3.457056116
56.43738977	39.81971389	3.742896335
56.3620335	40.14105201	3.496914487
56.23040752	40.51724138	3.252351097
56.96512539	39.78252351	3.252351097
56.13244514	40.40948276	3.4580721
56.93151759	39.58067993	3.487802488
56.16733614	40.49181934	3.340844518
56.80415401	39.73743509	3.458410894
56.60266458	39.85109718	3.546238245
56.35775862	39.90007837	3.742163009
56.57198825	39.87267385	3.555337904
56.54814379	39.99412283	3.457733373
55.55446708	41.01684953	3.428683386
56.70486825	40.1018709	3.193260848
56.24142661	40.3782089	3.380364491
55.95494613	40.63663075	3.408423115
56.54814379	40.0528945	3.3989617
56.11835015	40.34486137	3.536788478
55.99960819	40.6993829	3.301008914
56.82374841	40.06074263	3.115508964
57.04625637	39.64131713	3.312426499
57.23529412	39.25490196	3.509803922
56.55496767	40.13325495	3.311777386
56.62225705	39.71394984	3.663793103
56.3730773	40.36445577	3.262466934
56.58861566	40.29587538	3.115508964
55.76565102	40.64857451	3.585774469
56.31733595	40.24485798	3.437806072
56.31305711	40.20961896	3.47732393
56.21203214	40.46639232	3.321575544
56.09015189	40.54875061	3.361097501
56.18571848	40.34675287	3.467528651
56.59841285	39.85500147	3.546585676
56.4233219	40.2155806	3.361097501
55.39878503	41.32863022	3.272584754
56.68103448	39.90007837	3.418887147
56.6503428	39.93143976	3.418217434
55.46630094	41.13440439	3.399294671
56.1226489	40.34090909	3.536442006
56.80971977	39.69233784	3.497942387
56.93573668	39.65517241	3.409090909
56.94975022	39.60231169	3.447938094
56.18384947	40.6997256	3.116424931
56.13364687	40.39780521	3.468547913
56.51449843	40.01763323	3.467868339
55.89849108	40.61336469	3.488144229
56.28918495	40.37029781	3.340517241
55.76885406	40.87169442	3.359451518
56.12814735	40.40364456	3.468208092
56.10305643	40.7523511	3.144592476
56.02704822	40.55272442	3.420227362
55.22139498	41.48706897	3.29153605
55.80483982	40.57019692	3.624963261
56.81261632	39.89617005	3.291213635
56.19551376	40.26839064	3.536095602
55.92788556	40.69174995	3.380364491
57.22543353	39.38473597	3.389830508
56.79435681	39.7178407	3.487802488
55.43584721	41.19490695	3.369245837
55.58820648	40.96385542	3.447938094
56.33692458	40.28403526	3.379040157
56.11405056	40.59376837	3.29218107
57.16524635	39.46517778	3.369575864
56.58732491	40.17043785	3.242237242
56.21388698	40.54451082	3.241602194
55.54902537	40.6993829	3.751591733
55.9396729	40.51513074	3.545196357
56.36755486	40.44866771	3.183777429
56.09445424	40.47619048	3.429355281
55.94748187	40.88771311	3.164805017
55.4565047	40.82092476	3.722570533
55.98118938	40.51141374	3.507396884
56.7734352	39.84719365	3.379371143
55.26496229	41.21853267	3.516505045
55.74605663	41.23640639	3.017536984
56.90212599	39.67865191	3.419222102
55.97687635	40.43699784	3.586125808
55.88753918	40.72296238	3.389498433
55.95179779	40.36445577	3.683746449
56.16183386	40.53683386	3.301332288
56.01371205	40.69539667	3.290891283
55.91145068	40.63081595	3.457733373
56.36452719	40.04899559	3.586477217
56.73265386	39.80791846	3.459427675
56.56773435	40.09207562	3.340190028
56.54942686	40.03135103	3.419222102
56.27082109	40.14305311	3.586125808
55.63394082	40.76033706	3.605722124
56.17471354	40.43678386	3.388502595
56.44165769	40.27628098	3.28206133
56.52131308	40.13718765	3.341499265
56.33816614	39.79231975	3.869514107
56.23040752	40.59561129	3.173981191
55.72100313	40.96786834	3.311128527
56.91478942	39.90205681	3.183153771
56.97628846	39.42778758	3.595923966
56.57030867	40.27437531	3.155316022
55.73079937	40.69357367	3.575626959
55.57405956	40.94827586	3.477664577
55.31060161	41.46580443	3.223593964
56.9161442	39.65517241	3.428683386
56.92172039	39.78642108	3.291858528
56.73265386	39.90591925	3.361426891
55.27475757	41.32628073	3.3989617
56.57030867	39.96080353	3.4688878
55.94083652	40.54265844	3.516505045
56.89097855	39.52394946	3.585071995
56.19980411	40.21547502	3.584720862
56.3773511	40.00783699	3.614811912
55.9180874	40.62316285	3.458749755
55.85064681	40.91532732	3.234025872
56.15203762	40.54663009	3.301332288
56.00509404	40.48785266	3.507053292
56.99314398	39.81390793	3.19294809
56.19000979	40.47012733	3.33986288
56.17404939	40.55272442	3.273226186
56.62780445	40.13912021	3.23307534
56.25979624	40.40948276	3.330721003
56.25551092	40.38405016	3.360438914
55.51963953	41.41443824	3.065922225
56.47531348	39.94905956	3.575626959
56.14224138	40.36050157	3.497257053
56.79012346	40.04507153	3.164805017
56.89655172	40.03722571	3.066222571
56.41653605	39.86089342	3.722570533
56.05288932	40.47012733	3.47698335
55.51092388	40.99147644	3.497599686
56.56050955	39.98040176	3.459088682
56.72841321	39.61579927	3.655787513
57.11487611	39.37910097	3.506022916
56.21510432	40.41531982	3.369575864
55.03086117	41.31478397	3.654354855
55.76131687	40.89751127	3.34117186
56.10975012	40.42136208	3.4688878
56.30145041	40.14112113	3.557428459
55.59909866	41.07965122	3.321250122
55.77978056	40.47805643	3.742163009
56.21081505	40.50744514	3.281739812
56.09445424	40.58397021	3.321575544
56.04664837	40.40572325	3.547628381
56.24449016	40.46429621	3.291213635
55.96042707	40.8365168	3.203056127
56.1226489	40.1645768	3.712774295
56.31305711	40.16064257	3.526300323
56.02350637	40.48971596	3.486777669
55.58059775	40.79372856	3.625673689
56.31429411	40.42323895	3.262466934
56.58990691	40.03919647	3.370896619
56.46425073	40.22526934	3.310479922
55.31602156	40.75453209	3.92944635
56.79568839	39.98040176	3.223909848
56.49490596	40.09600313	3.409090909
56.60266458	39.74333856	3.653996865
56.01606898	40.45659416	3.527336861
56.64315109	40.09406232	3.262786596
57.50122489	39.10828025	3.390494855
56.92729767	40.06466784	3.00803449
56.1410382	40.37218413	3.486777669
56.54516951	39.98628258	3.468547913
56.43186049	40.1881062	3.38003331
56.4446621	40.03917728	3.516160627
55.79937304	40.56622257	3.634404389
56.43486778	40.29382958	3.271302644
56.73981191	39.64537618	3.614811912
56.66144201	39.96865204	3.369905956
57.03928676	39.42392476	3.536788478
56.3620335	40.43491037	3.203056127
56.67679044	39.81581268	3.507396884
56.16612793	40.49368205	3.340190028
55.46523017	41.19490695	3.33986288
56.93151759	39.85500147	3.213480944
56.47104928	39.85500147	3.673949251
56.3632801	39.96277065	3.673949251
56.50597688	40.16264942	3.331373702
55.79823702	40.72477963	3.47698335
55.72212424	40.819126	3.458749755
55.8832174	40.92289605	3.193886548
56.05837986	40.54265844	3.3989617
55.85815047	40.51724138	3.62460815
56.42633229	40.43887147	3.134796238
56.34244294	40.33695759	3.320599471
55.55882065	41.09119404	3.349985307
55.98118938	40.6681689	3.350641716
56.25	40.2919279	3.4580721
56.55793907	39.9157606	3.526300323
56.16733614	40.41344176	3.419222102
56.16733614	40.35465857	3.47800529
56.60395846	39.97648442	3.419557123
55.98981291	40.30757175	3.702615339
56.65589186	39.79821726	3.545890881
56.86716301	40.04702194	3.085815047
56.72021944	40.04702194	3.232758621
56.35775862	40.25274295	3.389498433
55.72967679	40.93046033	3.33986288
56.58010779	40.12738854	3.292503675
56.10186092	40.42115573	3.47698335
56.47957684	40.40552454	3.114898619
56.25	40.38009404	3.369905956
56.59712019	39.84719365	3.555686159
56.02704822	40.36652293	3.606428851
56.34920635	40.42719969	3.223593964
55.73947111	40.95984329	3.300685602
56.14653737	40.40552454	3.447938094
55.9506318	40.77774513	3.271623078
57.13865752	39.42185203	3.439490446
56.68103448	40.19396552	3.125
56.37610186	40.3036239	3.320274241
56.08035277	40.74473297	3.174914258
56.44592476	40.09600313	3.4580721
55.98981291	40.49368205	3.516505045
56.54260529	40.22526934	3.232125367
56.48937212	39.88637477	3.62425311
56.22061129	40.44866771	3.330721003
56.21203214	40.29982363	3.488144229
56.59712019	39.81780782	3.585071995
56.33140731	40.19194986	3.476642836
57.00568293	39.82951205	3.164805017
56.33264766	40.2390048	3.428347536
56.66993144	39.97061704	3.359451518
55.90828924	40.47619048	3.615520282
56.8825316	39.94317625	3.174292152
56.63205329	40.27233542	3.095611285
55.79937304	40.7523511	3.448275862
55.46523017	41.05778648	3.47698335
56.32713026	40.09794319	3.574926543
55.78411206	40.60143011	3.614457831
56.14224138	40.35070533	3.507053292
56.21510432	40.25859536	3.526300323
56.14774175	40.55060253	3.301655726
56.80282104	40.09207562	3.10510334
56.18142633	40.44866771	3.369905956
56.26408071	40.19982368	3.536095602
55.89849108	40.66235548	3.439153439
56.35775862	40.0862069	3.556034483
56.20101881	40.28213166	3.51684953
55.74059561	40.93847962	3.320924765
56.22918707	40.38197845	3.388834476
56.66829985	39.94120529	3.390494855
56.66568714	39.86678421	3.467528651
56.39694357	40.14498433	3.4580721
57.04908396	39.47291075	3.47800529
56.11524892	40.68992552	3.194825559
56.47957684	40.2390048	3.281418356
55.84950029	40.76033706	3.390162649
56.13124388	40.46033301	3.408423115
55.91376776	40.62714356	3.459088682
55.32477711	41.13843441	3.536788478
56.04976977	40.62898011	3.321250122
55.61759232	40.79733568	3.585071995
55.64373898	40.96609837	3.390162649
56.24571373	40.47222494	3.28206133
56.21203214	40.54477758	3.24319028
56.72021944	39.93926332	3.340517241
57.09806995	39.34554717	3.556382874
56.57752963	39.93535116	3.487119209
56.8224116	39.73944559	3.438142815
56.81818182	39.61598746	3.565830721
56.4765824	40.15285126	3.370566334
57.00989517	39.36514157	3.624963261
56.82664055	39.88246817	3.290891283
55.8832174	40.64857451	3.468208092
56.00509404	40.12539185	3.869514107
55.9016554	40.45450093	3.643843667
56.15324319	40.53497942	3.311777386
56.31857367	40.19396552	3.487460815
56.51449843	40.10579937	3.379702194
56.80971977	39.82951205	3.360768176
57.00009797	40.04114823	2.958753796
56.67123824	39.91967085	3.409090909
56.58732491	40.24880008	3.163875012
56.39141934	40.28798119	3.320599471
56.05407524	40.80133229	3.144592476
55.76678099	40.97011269	3.26310632
56.12694681	40.35654814	3.516505045
56.08895856	40.44283335	3.468208092
57.0434953	39.4984326	3.4580721
55.44670846	41.04623824	3.507053292
56.48084648	39.94317625	3.575977271
56.42206329	40.29587538	3.28206133
56.63205329	40.02742947	3.340517241
56.14653737	40.26839064	3.585071995
55.4412773	41.28709962	3.271623078
56.22061129	40.2919279	3.487460815
55.77431678	40.87569791	3.349985307
55.91145068	40.85610736	3.232441963
56.70486825	39.9157606	3.379371143
55.83855799	40.86010972	3.301332288
57.2827897	39.5043589	3.212851406
56.45145488	40.27628098	3.272264132
56.46678424	40.24103469	3.29218107
55.84288373	40.84631208	3.310804192
56.60266458	39.98824451	3.409090909
57.30799373	39.25352665	3.438479624
56.79435681	39.92358186	3.28206133
55.68181818	40.9580721	3.360109718
55.98550157	40.59561129	3.418887147
56.25551092	40.38405016	3.360438914
56.03997257	40.6779661	3.28206133
56.34244294	40.57204427	3.085512783
57.5122429	39.12830558	3.359451518
56.55922406	39.61986872	3.820907221
55.86477217	40.19598236	3.939245468
55.98118938	40.38405016	3.634760459
56.55239961	39.9510284	3.496571988
56.47531348	40.09600313	3.428683386
55.24639953	41.26579798	3.487802488
56.94417238	39.67678746	3.379040157
55.3737631	41.01107083	3.615166063
56.73425409	39.94514644	3.320599471
56.66568714	39.75903614	3.575276717
55.45757398	40.90730943	3.635116598
56.64739884	39.89419026	3.458410894
56.98608662	39.62375073	3.390162649
55.9506318	40.40552454	3.643843667
55.91260899	40.36445577	3.722935241
57.12746155	39.26716959	3.605368865
56.27387599	40.24880008	3.47732393
56.25122477	40.09406232	3.654712914
55.71232608	40.67215364	3.615520282
56.54814379	39.9157606	3.536095602
56.3467189	40.42115573	3.232125367
56.14533346	40.45637058	3.398295955
56.4446621	39.99020568	3.565132223
56.91192319	39.90398746	3.18408935
55.9180874	40.72114442	3.360768176
55.59039686	40.73493386	3.67466928
56.96090918	39.78642108	3.252669736
56.0877657	40.40552454	3.506709766
56.64184953	39.79231975	3.565830721
55.97687635	40.39780521	3.62531844
56.63760165	40.01175664	3.350641716
56.19122257	40.39968652	3.409090909
55.74059561	40.90909091	3.35031348
56.46851435	40.10380962	3.427676036
55.98981291	40.48388677	3.526300323
57.01831717	39.68067392	3.301008914
55.92356688	40.74473297	3.331700147
57.0434953	39.36128527	3.595219436
55.66656871	40.85610736	3.47732393
56.09875576	40.33506417	3.566180072
56.19122257	40.12539185	3.68338558
56.01175894	40.34296913	3.645271926
55.76131687	40.84852048	3.390162649
56.75808031	39.75514202	3.486777669
56.87695925	39.73354232	3.389498433
56.25306043	40.0842229	3.662716678
55.57515187	40.89751127	3.527336861
56.12694681	40.47409149	3.3989617
56.9161442	39.40047022	3.68338558
56.8489124	39.80011758	3.350970018
56.67548242	39.80801254	3.516505045
56.624853	39.91571933	3.459427675
57.00568293	39.74132863	3.252988438
56.10735625	40.41531982	3.47732393
56.10975012	40.60754532	3.282704557
56.57327586	39.96865204	3.4580721
55.95494613	40.56807052	3.47698335
55.95179779	40.81512687	3.23307534
56.044279	40.14498433	3.810736677
55.39772727	41.17358934	3.428683386
56.66699324	39.6982463	3.634760459
56.78455962	39.7276379	3.487802488
56.93709583	39.96668626	3.096217911
56.97913606	39.7786267	3.242237242
56.04976977	40.6877633	3.262466934
56.61671075	39.69046919	3.692820061
56.44592476	40.26253918	3.29153605
56.73981191	39.85109718	3.409090909
55.93220339	40.78573528	3.28206133
56.54260529	40.2546523	3.202742409
55.99647266	40.35861258	3.644914756
56.13794455	40.52121093	3.340844518
56.58861566	39.98236504	3.4290193
56.46551724	40.34090909	3.193573668
56.11405056	40.40760337	3.478346071
56.36630754	40.3036239	3.33006856
56.30449691	40.31546978	3.38003331
56.78455962	39.62966592	3.585774469
56.09564877	40.29792238	3.606428851
56.64870162	39.94120529	3.410093092
55.94083652	40.52306788	3.536095602
57.13166144	39.53761755	3.330721003
55.79390734	40.84631208	3.359780586
56.03017537	40.48202214	3.487802488
57.08966193	39.77462028	3.135717785
55.79390734	40.78754041	3.418552258
56.25245002	40.3371227	3.410427283
56.96512539	39.8315047	3.203369906
55.61869305	40.96208484	3.419222102
55.66656871	40.57204427	3.761387011
56.33085065	40.15092121	3.518228146
56.72153635	39.84910837	3.429355281
55.9180874	40.74074074	3.34117186
56.19551376	40.29777647	3.506709766
56.39141934	40.30757175	3.301008914
56.31733595	40.37218413	3.310479922
56.75384465	40.16064257	3.085512783
56.06387147	40.48785266	3.448275862
56.29898119	40.50744514	3.193573668
57.04908396	39.75702949	3.193886548
56.26408071	40.42511509	3.310804192
56.19980411	40.53868756	3.261508325
55.94316512	40.65654091	3.400293974
56.70194004	39.83931021	3.458749755
56.78323048	39.85698893	3.359780586
56.49490596	39.96865204	3.536442006
57.0434953	39.63557994	3.320924765
56.55368339	39.90007837	3.546238245
56.04858458	40.45450093	3.496914487
56.04858458	40.47409149	3.47732393
55.79937304	40.89929467	3.301332288
56.81951793	39.74132863	3.439153439
55.58930146	41.06005682	3.350641716
56.34796238	40.0862069	3.565830721
56.24020376	40.61520376	3.144592476
56.03330069	40.7639569	3.202742409
56.97913606	39.52394946	3.496914487
56.20959843	40.38197845	3.408423115
55.91145068	40.27818591	3.810363405
56.32533072	40.36256737	3.312101911
56.33816614	40.17437304	3.487460815
56.01489028	40.61520376	3.369905956
55.06025277	41.6576859	3.28206133
55.92124596	40.67979234	3.3989617
56.35597373	40.10585122	3.538175047
55.59909866	41.32458117	3.076320172
55.92240619	40.57999412	3.497599686
55.88869293	40.73094258	3.380364491
56.76363993	39.81780782	3.418552258
56.75384465	39.73944559	3.506709766
56.86716301	39.53761755	3.595219436
57.06729356	39.6414928	3.291213635
55.54467085	40.57601881	3.879310345
56.41527914	40.19588639	3.388834476
56.52003527	40.10972862	3.370236112
55.87226957	40.82672152	3.301008914
55.62849025	41.04046243	3.33104732
56.16424931	40.16072129	3.6750294
57.26604606	39.13767761	3.596276335
55.67202194	40.85031348	3.477664577
55.99216071	40.51935326	3.488486036
56.5830721	39.84130094	3.575626959
56.15633265	40.58183955	3.261827799
56.84757053	39.79231975	3.360109718
55.78411206	40.73856401	3.47732393
56.50896268	39.94514644	3.545890881
55.95728003	40.47619048	3.566529492
55.54467085	41.04623824	3.409090909
56.10305643	40.30172414	3.595219436
55.38250563	40.78754041	3.829953962
56.12384872	40.46639232	3.409758965
56.00391773	40.73457395	3.261508325
57.208619	39.47110676	3.320274241
56.74960815	39.90007837	3.35031348
56.9049951	39.62781587	3.46718903
55.95179779	40.33506417	3.713138043
56.42206329	40.35465857	3.223278142
55.582762	40.99902057	3.418217434
55.7895768	40.625	3.585423197
55.95494613	40.53868756	3.506366308
56.30573248	40.06859383	3.625673689
55.49461312	41.05778648	3.447600392
56.27082109	40.29982363	3.429355281
56.3632801	39.91378466	3.722935241
56.79992161	39.83931021	3.360768176
56.25857003	40.06856024	3.672869736
55.96590909	40.830721	3.203369906
56.72577643	40.01175664	3.262466934
56.01606898	40.58397021	3.399960807
55.863623	40.76614088	3.370236112
56.01058097	40.49181934	3.497599686
56.00509404	40.63479624	3.360109718
56.79012346	39.96668626	3.24319028
56.29898119	40.23315047	3.467868339
55.68615927	40.49368205	3.820158684
56.13674209	40.53286316	3.33039475
56.00744806	40.34692278	3.645629165
56.64054848	39.86287953	3.496571988
56.31981188	40.20184205	3.478346071
56.81951793	39.67274152	3.507740545
57.48162665	39.0788829	3.439490446
55.9016554	40.66999706	3.428347536
56.2904174	40.48598863	3.223593964
55.70364563	41.14072913	3.155625245
55.93104124	40.62102067	3.447938094
56.33388851	40.178309	3.487802488
56.58861566	39.76682669	3.644557657
56.56773435	39.99412283	3.438142815
57.11206897	39.55721003	3.330721003
56.61375661	39.99608074	3.390162649
55.9016554	40.34675287	3.751591733
56.21081505	40.26253918	3.526645768
56.93437806	39.77473066	3.290891283
56.50171485	40.23517883	3.26310632
56.85736677	39.69435737	3.448275862
56.70618203	39.98236504	3.311452924
56.32961003	40.06466784	3.605722124
56.63205329	39.88048589	3.487460815
56.10305643	40.33111285	3.565830721
56.2077413	40.40176384	3.390494855
55.29204234	41.18972952	3.518228146
55.85815047	40.72296238	3.418887147
56.54260529	40.07835455	3.379040157
56.49490596	40.06661442	3.438479624
56.8224116	39.5043589	3.673229503
55.92124596	40.5132726	3.565481438
56.00822642	40.35843698	3.633336598
56.12814735	40.44283335	3.4290193
54.96228079	41.44214755	3.595571667
56.80415401	40.08033702	3.115508964
56.13484908	40.07252058	3.792630341
56.41100989	40.2390048	3.349985307
56.22061129	40.25274295	3.526645768
56.14035088	40.34107615	3.518572969
56.99314398	39.41234084	3.594515181
56.73425409	40.04309923	3.222646684
56.40673981	40.11559561	3.477664577
56.94689398	39.67274152	3.380364491
57.02527925	39.31020968	3.664511072
56.67548242	40.01371339	3.310804192
55.27579112	41.38336436	3.340844518
55.98667451	40.1920439	3.821281599
56.41527914	39.99020568	3.594515181
56.24449016	40.25859536	3.496914487
55.84288373	40.562249	3.594867274
56.27327975	40.33522839	3.391491864
55.69707064	40.75634369	3.546585676
56.0877657	40.46429621	3.447938094
56.68658764	39.90398746	3.409424904
56.52429467	40.04702194	3.428683386
55.84084673	40.62132497	3.537828303
56.65719604	40.15871461	3.18408935
56.64609658	40.18023313	3.173670291
56.00391773	40.37218413	3.623898139
56.27938871	40.25274295	3.467868339
55.91260899	40.60938572	3.47800529
55.66656871	41.19894211	3.134489176
55.79504262	40.54080533	3.664152053
56.32961003	40.16264942	3.507740545
56.88540646	39.54946131	3.565132223
55.61869305	40.89350446	3.487802488
55.67747624	40.82492407	3.497599686
56.14894659	40.49975502	3.351298383
55.50440744	40.85210578	3.643486778
56.45019101	40.00391811	3.545890881
56.2077413	40.35276825	3.439490446
56.46125208	40.32526697	3.213480944
56.06936416	40.32526697	3.605368865
56.29898119	40.27233542	3.428683386
56.93573668	39.88048589	3.183777429
56.9539667	39.53966699	3.506366308
56.17283951	40.31941995	3.507740545
57.04487556	39.54536547	3.409758965
56.23713866	40.44096031	3.321901029
56.09326019	40.22335423	3.68338558
55.39004312	41.14072913	3.469227754
55.99960819	40.59163483	3.408756979
56.60821005	40.16851181	3.223278142
56.03448276	40.48785266	3.477664577
55.8005095	40.64275916	3.556731335
55.9169279	40.48785266	3.595219436
56.26959248	40.20376176	3.526645768
55.75472622	40.61122539	3.634048389
56.83220688	39.74924087	3.418552258
56.27510532	40.30567258	3.419222102
56.10186092	40.59745348	3.300685602
56.18693054	40.38405016	3.4290193
56.78455962	39.76682669	3.448613696
56.21939275	40.12732615	3.653281097
56.13244514	40.48785266	3.379702194
56.099951	40.47035767	3.429691328
56.20223398	40.11365863	3.684107388
55.83308845	40.42511509	3.741796454
55.24098746	41.25195925	3.507053292
56.37985104	40.07252058	3.547628381
55.89733542	40.68377743	3.418887147
56.07366771	40.32131661	3.605015674
56.64315109	39.92749363	3.429355281
56.3155316	40.25477707	3.429691328